pt
0       47.892143
1       90.120331
2      321.390594
3      417.097626
4      195.029449
5      945.817993
6      289.869720
7      441.519073
8      425.045471
9      280.981384
10      21.229664
11      93.532288
12     378.707001
13      69.385788
14      29.194559
15      24.106560
16      45.476479
17      65.679550
18      31.191704
19     385.945709
20     311.923920
21     429.611877
22      63.378914
23     207.716263
24      50.727699
25     235.470291
26      78.684570
27      61.478733
28      54.075909
29      21.139029
          ...    
884     39.578434
885     35.592289
886     32.602859
887    293.514679
888     83.453300
889     64.610466
890     27.304552
891     25.864782
892    141.079285
893    288.912476
894    340.549957
895    329.156647
896     69.392456
897    483.237946
898     23.757496
899     30.242252
900    478.400116
901    230.796188
902    283.852295
903     41.227398
904     52.312588
905    177.961395
906    117.737526
907     22.402548
908    139.950897
909     33.036461
910    252.948715
911     40.400566
912    196.919388
913    238.201248
Name: pt, Length: 914, dtype: float32
eta
0     -0.167302
1      2.394205
2      0.399991
3     -0.550826
4     -1.425862
5      0.790053
6     -1.581169
7     -0.308782
8      0.746290
9      0.302429
10    -1.084628
11     0.799644
12    -0.703801
13    -2.097864
14     1.284641
15     0.279521
16     0.147725
17     1.164370
18    -0.510406
19    -0.415073
20     0.551783
21    -1.475360
22     1.519699
23     1.260809
24    -1.268192
25     0.275887
26    -0.680754
27    -0.402583
28    -0.813490
29    -0.645880
         ...   
884    1.404793
885    1.268216
886   -0.417013
887   -1.323875
888    0.215219
889   -0.884026
890   -2.346252
891   -1.919590
892   -0.751010
893   -0.758045
894   -2.048338
895   -0.062434
896    0.668842
897   -0.226273
898   -2.042445
899   -0.379963
900   -0.431826
901    0.296686
902    0.155498
903   -2.006428
904   -1.202019
905   -0.019276
906   -1.004234
907   -1.499225
908    1.326135
909   -1.940487
910   -1.378155
911    0.593002
912    0.470681
913    1.120095
Name: eta, Length: 914, dtype: float32
neufrac
0      1.000000
1      0.000000
2      0.010247
3      0.000627
4      0.012073
5      0.000998
6      0.003475
7      0.002586
8      0.001889
9      0.006854
10     1.000000
11     0.049129
12     0.004941
13     1.000000
14     1.000000
15     1.000000
16     1.000000
17     0.037022
18     1.000000
19     0.015292
20     0.030188
21     0.002817
22     1.000000
23     0.013833
24     0.054874
25     0.008454
26     1.000000
27     1.000000
28     1.000000
29     1.000000
         ...   
884    0.115416
885    1.000000
886    1.000000
887    0.008057
888    1.000000
889    1.000000
890    1.000000
891    1.000000
892    0.003947
893    0.015412
894    0.000981
895    0.003084
896    1.000000
897    0.006685
898    1.000000
899    0.180759
900    0.010565
901    0.012802
902    0.015655
903    1.000000
904    0.045824
905    1.000000
906    0.031930
907    1.000000
908    0.116036
909    1.000000
910    0.015539
911    1.000000
912    0.031048
913    0.001414
Name: neufrac, Length: 914, dtype: float32
maxd0
0            NaN
1       1.265374
2       2.293780
3       0.004259
4       0.419470
5       0.745117
6       0.896275
7       0.002516
8       0.029177
9       2.366302
10           NaN
11      0.115725
12      2.356235
13           NaN
14           NaN
15           NaN
16           NaN
17      8.691383
18           NaN
19      0.019449
20      0.013422
21      0.003396
22           NaN
23      2.968926
24     14.030293
25      3.901580
26           NaN
27           NaN
28           NaN
29           NaN
         ...    
884    11.645432
885          NaN
886          NaN
887    13.273794
888          NaN
889          NaN
890          NaN
891          NaN
892    24.752682
893     0.810884
894     0.005054
895     0.005067
896          NaN
897          NaN
898          NaN
899     0.002152
900     1.886590
901     9.041299
902     1.955921
903          NaN
904    22.024807
905          NaN
906     0.510784
907          NaN
908     3.459977
909          NaN
910     0.810982
911          NaN
912     9.950993
913    14.851990
Name: maxd0, Length: 914, dtype: float32
mind0
0           NaN
1      0.074989
2      0.297651
3      0.001605
4      0.040519
5      0.347240
6      0.062570
7      0.001185
8      0.003984
9      0.665193
10          NaN
11     0.088876
12     0.010766
13          NaN
14          NaN
15          NaN
16          NaN
17     0.443814
18          NaN
19     0.001813
20     0.000844
21     0.000717
22          NaN
23     0.726659
24     1.402454
25     0.111230
26          NaN
27          NaN
28          NaN
29          NaN
         ...   
884    1.036723
885         NaN
886         NaN
887    0.001868
888         NaN
889         NaN
890         NaN
891         NaN
892    0.050455
893    0.003905
894    0.001373
895    0.000071
896         NaN
897         NaN
898         NaN
899    0.000394
900    0.204315
901    0.967114
902    1.881092
903         NaN
904    0.000726
905         NaN
906    0.000720
907         NaN
908    0.947780
909         NaN
910    0.029247
911         NaN
912    0.053516
913    0.741588
Name: mind0, Length: 914, dtype: float32
tkiso
0      1.000000
1      0.019160
2      0.031557
3      0.022088
4      0.163971
5      0.020438
6      0.049962
7      0.045860
8      0.023439
9      0.047244
10     1.000000
11     0.122127
12     0.022049
13     1.000000
14     1.000000
15     1.000000
16     1.000000
17     0.162919
18     1.000000
19     0.044029
20     0.069654
21     0.047238
22     1.000000
23     0.074855
24     0.681116
25     0.082545
26     1.000000
27     1.000000
28     1.000000
29     1.000000
         ...   
884    0.845901
885    1.000000
886    1.000000
887    0.032690
888    1.000000
889    1.000000
890    1.000000
891    1.000000
892    0.082963
893    0.095274
894    0.031761
895    0.045075
896    1.000000
897    1.000000
898    1.000000
899    0.433788
900    0.017839
901    0.079777
902    0.106758
903    1.000000
904    0.149425
905    1.000000
906    0.244669
907    1.000000
908    0.087440
909    1.000000
910    0.042594
911    1.000000
912    0.095135
913    0.015667
Name: tkiso, Length: 914, dtype: float32
pfiso
0      0.743254
1      0.036186
2      0.041179
3      0.024915
4      0.129833
5      0.028021
6      0.084699
7      0.046798
8      0.025367
9      0.046303
10     0.692308
11     0.228257
12     0.018332
13     0.551110
14     0.740387
15     0.702294
16     0.519552
17     0.139952
18     0.757795
19     0.039887
20     0.073407
21     0.045346
22     0.687501
23     0.098025
24     0.200380
25     0.081078
26     0.563676
27     0.553749
28     0.752729
29     0.750914
         ...   
884    0.434758
885    0.633293
886    0.756321
887    0.029661
888    0.661382
889    0.668195
890    0.595541
891    0.359942
892    0.092515
893    0.093005
894    0.037358
895    0.045162
896    0.671958
897    0.053538
898    0.632895
899    0.492965
900    0.047210
901    0.122471
902    0.114235
903    0.715015
904    0.205810
905    0.392444
906    0.230338
907    0.797973
908    0.105573
909    0.770441
910    0.067963
911    0.770132
912    0.148697
913    0.091234
Name: pfiso, Length: 914, dtype: float32
spreadpt
0      0.856304
1      0.740988
2      0.739158
3      0.713470
4      0.703736
5      0.953315
6      0.816271
7      0.787037
8      0.765916
9      0.759545
10     0.748769
11     0.677494
12     0.864369
13     0.939187
14     0.428493
15     0.390170
16     0.531780
17     0.766735
18     0.867213
19     0.789179
20     0.696706
21     0.705390
22     0.547239
23     0.744551
24     0.671974
25     0.794317
26     0.935555
27     0.738273
28     0.652166
29     0.396267
         ...   
884    0.859968
885    0.362529
886    0.426651
887    0.909853
888    0.655713
889    0.348364
890    0.989673
891    0.822376
892    0.842570
893    0.696939
894    0.773855
895    0.801415
896    0.652012
897    0.751841
898    0.578027
899    0.627798
900    0.702931
901    0.830675
902    0.711842
903    0.692502
904    0.675143
905    0.729159
906    0.866200
907    0.382478
908    0.641345
909    0.786747
910    0.712194
911    0.826648
912    0.754987
913    0.849259
Name: spreadpt, Length: 914, dtype: float32
spreaddr
0      8.379649e-04
1      2.036312e-04
2      1.465905e-05
3      1.886197e-07
4      5.734860e-04
5      1.770028e-04
6      2.768095e-05
7      2.497935e-07
8      2.044232e-05
9      2.718632e-05
10     8.960349e-04
11     1.787384e-04
12     1.965321e-05
13     2.141255e-04
14     4.849282e-03
15     7.470706e-03
16     4.675733e-03
17     1.510957e-03
18     2.922492e-04
19     2.223676e-05
20     1.468200e-04
21     5.077411e-07
22     8.880557e-04
23     2.844969e-04
24     1.146799e-02
25     6.243804e-03
26     1.304964e-04
27     2.914974e-04
28     6.122736e-04
29     3.636147e-03
           ...     
884    8.232990e-04
885    2.259438e-02
886    3.549167e-02
887    1.593573e-04
888    7.364002e-04
889    3.877329e-03
890    1.020204e-05
891    8.143308e-04
892    1.370413e-03
893    8.830697e-04
894    6.627248e-07
895    1.684929e-06
896    1.024232e-03
897    2.611175e-06
898    5.634211e-03
899    1.436512e-03
900    6.125148e-06
901    3.814306e-04
902    1.802881e-04
903    2.031640e-03
904    1.394290e-02
905    1.196694e-04
906    3.785648e-04
907    9.061880e-03
908    3.136685e-04
909    7.521438e-04
910    5.359993e-05
911    4.631879e-04
912    5.862491e-04
913    8.409493e-03
Name: spreaddr, Length: 914, dtype: float32
lambda
0     -4.694394
1     -1.069168
2     -6.945085
3     -7.431718
4     -6.020743
5     -7.721863
6     -7.692365
7     -7.313333
8     -7.242885
9     -6.719322
10    -4.245388
11    -4.406043
12    -7.635206
13    -5.947202
14    -4.237333
15    -3.998326
16    -3.991917
17    -5.310940
18    -4.877102
19    -7.194141
20    -4.522418
21    -7.986259
22    -5.209307
23    -6.170008
24    -4.679685
25    -6.864289
26    -4.992139
27    -5.448721
28    -5.512565
29    -4.637734
         ...   
884   -5.311998
885   -5.200012
886   -4.239548
887   -6.503180
888   -4.488378
889   -5.425407
890   -4.586819
891   -3.315179
892   -6.320909
893   -6.985611
894   -6.608111
895   -6.951812
896   -3.718623
897   -7.293272
898   -2.429392
899   -4.511577
900   -6.970986
901   -6.549454
902   -6.763870
903   -4.755121
904   -5.843492
905   -6.282178
906   -6.436932
907   -3.866423
908   -5.881833
909   -4.256771
910   -6.426734
911   -4.238155
912   -6.600834
913   -1.801477
Name: lambda, Length: 914, dtype: float32
epsilon
0      0.009394
1      0.225100
2      0.001061
3      0.000627
4      0.001762
5      0.000478
6      0.000409
7      0.000698
8      0.000759
9      0.001347
10     0.018980
11     0.015986
12     0.000631
13     0.002994
14     0.016251
15     0.020418
16     0.020022
17     0.004475
18     0.008895
19     0.000715
20     0.010123
21     0.000354
22     0.006220
23     0.002479
24     0.008990
25     0.001187
26     0.008593
27     0.005201
28     0.004760
29     0.011527
         ...   
884    0.003563
885    0.005111
886    0.016533
887    0.001600
888    0.011396
889    0.004938
890    0.011124
891    0.026895
892    0.002145
893    0.001228
894    0.000980
895    0.001018
896    0.020962
897    0.000666
898    0.103780
899    0.012407
900    0.001146
901    0.001635
902    0.001235
903    0.010421
904    0.003135
905    0.001977
906    0.001845
907    0.027636
908    0.003201
909    0.009954
910    0.001272
911    0.017713
912    0.001700
913    0.167349
Name: epsilon, Length: 914, dtype: float32
ecf1
0       48.076412
1       90.131226
2      321.482300
3      417.099518
4      195.088654
5      945.869873
6      289.885223
7      441.545868
8      425.075958
9      281.023895
10      21.311352
11      93.566788
12     378.760406
13      69.443375
14      29.446711
15      24.305071
16      45.664841
17      65.791695
18      31.268681
19     386.055817
20     312.199860
21     429.644012
22      63.560001
23     207.794861
24      51.055264
25     235.519867
26      78.751160
27      61.530140
28      54.143143
29      21.201019
          ...    
884     39.745483
885     35.920101
886     33.007469
887    293.661835
888     83.601753
889     64.861366
890     27.309961
891     25.948675
892    141.337357
893    289.007141
894    340.556335
895    329.201050
896     69.460144
897    483.250916
898     23.810936
899     30.335423
900    478.464294
901    230.917328
902    283.931000
903     41.386520
904     52.695793
905    178.065247
906    117.903526
907     22.544930
908    139.982681
909     33.175774
910    252.980988
911     40.515278
912    197.046951
913    238.341736
Name: ecf1, Length: 914, dtype: float32
ecf2
0        85.326233
1              NaN
2       397.639252
3        52.029972
4       579.700012
5      8416.582031
6       289.670471
7       130.022705
8       543.912720
9       378.059418
10       21.435036
11       95.846497
12      558.511536
13       48.614429
14       79.572281
15       48.287384
16      111.807640
17      123.547318
18       32.098087
19      652.085449
20     1035.395386
21      197.500504
22      169.221527
23      468.273987
24      161.563446
25     2499.645752
26       77.721733
27      115.851089
28       77.599266
29       23.940687
          ...     
884      61.276985
885     117.257957
886     128.113602
887     824.718689
888     245.110107
889     295.116882
890            NaN
891      31.574591
892     462.420898
893    1557.997070
894      64.768188
895     125.706390
896     149.225174
897     298.620361
898      33.201031
899      40.289898
900     661.740601
901     764.986084
902     721.341797
903      79.371910
904     182.992920
905     497.991119
906     261.936218
907      40.961067
908     212.127380
909      54.385990
910     403.780975
911      59.631886
912     613.239380
913    2961.951172
Name: ecf2, Length: 914, dtype: float32
ecf3
0       23.845219
1             NaN
2       58.200878
3             NaN
4      109.328064
5      412.838776
6        7.268090
7        5.189585
8       35.313538
9       57.966595
10       3.446335
11       9.549819
12      74.600624
13            NaN
14      36.352394
15      16.066971
16      30.950377
17      17.374344
18       6.337041
19      82.411446
20     214.924210
21      14.909218
22      58.831604
23      47.340637
24      29.910921
25     215.048172
26      10.388516
27      30.688526
28      14.229525
29       3.314153
          ...    
884     16.291494
885     49.801785
886     70.297607
887     78.774849
888     78.604927
889    186.735901
890           NaN
891      6.400238
892     24.765518
893    540.711426
894           NaN
895      2.556726
896     30.610018
897     13.090965
898      5.497071
899      8.848470
900    109.382057
901    149.171082
902    106.519920
903     16.906590
904     27.482920
905    113.969055
906     49.333725
907     11.468479
908      6.111794
909     16.471157
910     59.729149
911     15.596557
912     92.575531
913           NaN
Name: ecf3, Length: 914, dtype: float32
