-1.2241267
0.62644506
0.75258374
-2.2522817
3.5034401
0.29172537
2.0738802
-2.9214284
-1.9568866
0.1503273
-0.69807935
-1.4574327
2.3567202
-1.9784517
-3.7678292
-3.723694
-3.3018963
-0.51737624
-1.1123409
1.3972812
-2.2157743
-2.751073
-4.346444
-0.21207014
-1.0364943
0.844117
-1.9375114
-2.0631878
-1.6497676
-0.50216526
-0.4716136
-0.38175023
1.8539273
1.907269
-3.3093765
1.9366364
-3.6583679
-3.7283127
-3.766043
-0.9997268
-2.6822264
-1.1467792
-0.8678834
-3.9164248
-3.810349
-4.344163
2.6131244
1.1843728
2.9796336
-1.1330063
-4.0776744
-0.6535886
-0.5122615
0.595782
-4.2527747
1.5979968
1.6888858
-2.0332823
0.14591868
-6.747329
-1.2612317
-4.0166564
-4.3618746
1.2635404
-0.89863724
0.67083424
-3.7653022
-2.480148
-1.1864384
0.73657155
0.45535475
1.6985598
-4.879045
1.5696578
3.4037445
1.4152846
-4.3935456
-4.313057
3.4197044
-1.2592964
-3.9878137
-1.3565769
1.0417887
2.083089
0.104947
0.46435186
2.0000353
-4.53014
0.088322416
-2.4174047
-2.918586
0.5351717
-2.3348997
-3.462695
-1.9975879
0.93856674
-0.036292095
1.841056
0.73007166
-4.435982
-2.0029948
0.62189746
-3.8661745
1.242027
0.83667856
-4.038778
0.049694158
1.2719005
-4.203089
-0.40952575
-2.8576927
-1.0706825
0.6827911
-3.4307537
-1.2159431
-1.8187684
1.0368587
-2.3727932
-0.9376841
2.6072323
0.5138938
-2.2707415
-0.5647797
-0.86403847
-3.1497214
-1.1330662
-2.756028
1.0750169
-2.079307
2.0647786
-4.1225758
-3.6752174
2.9927907
-1.2568357
-2.7236798
-0.61178255
0.7603811
1.456183
-0.9564082
0.7994762
0.99742395
-2.308696
2.0777142
-3.6536117
0.95847684
-2.5045307
-0.6248514
-2.8770382
-2.5834055
-2.1975086
3.318104
1.347275
-0.74073786
-0.6917938
-3.208344
-2.0426145
1.9609841
-4.0982814
-2.62821
-2.8816783
-0.39541426
1.4510044
0.6119448
-3.347301
3.0154562
-3.5774987
-0.302216
0.0929805
0.8727096
2.7187726
0.42847192
-0.8532
3.1229305
0.6361842
-1.3181572
-2.944253
2.3747494
-3.7802145
1.7254065
-4.214887
2.5952387
3.3276474
-1.2234906
1.4208902
-4.159649
-3.6406536
-2.7851117
-1.9382207
2.4269145
-2.3540103
0.5458869
1.2658732
-0.8967804
0.04461596
-5.2606463
0.5764148
-4.131854
-2.7025347
-1.509216
-1.1660845
0.94227946
1.3890346
-0.05497545
-1.6298308
-2.4789631
3.2010112
2.480382
0.8028165
0.67948836
-0.72271913
-0.9072621
1.6976992
0.821406
1.9596562
0.8595911
-3.6413057
-4.2406387
-0.7433364
-4.7162104
-1.7353383
0.47768274
-0.7145945
1.3790876
0.94244707
-0.3487585
0.75689095
3.3080292
-0.34928146
3.7074585
0.76755106
2.840687
-0.46532533
-0.040954847
-2.0416782
3.4419227
-0.46352607
-1.6275339
1.700624
0.74621344
-1.3452232
-3.9163392
-4.13671
2.9259038
-0.20849854
-1.8161441
0.14057979
0.5818756
-3.3443878
-1.6083941
-2.6727104
-0.6245618
-3.42086
-0.98842794
-0.5372055
-2.1364086
-0.95078975
3.3865097
2.4563785
2.7382162
1.8864241
3.857109
-0.2101652
-0.06880964
-1.215989
-1.2109239
-2.212055
-1.082797
1.8585758
-0.6074964
-2.668019
-3.5398817
3.1156003
2.6606092
-2.5554311
-1.2659565
-2.3156533
-3.2588952
-0.5462042
2.0313413
-0.22697501
-0.99495703
-4.0351386
0.69856423
-0.8783153
-1.7553618
1.3523641
1.2639667
-3.0085845
-3.7669802
2.466986
0.043838337
-1.9288325
-1.8819352
-4.122938
0.8035225
0.13811596
-2.2955043
-4.713638
-0.7069696
0.57904476
-3.4328346
2.6389165
-3.2360291
0.40828225
1.0475875
-0.5674006
1.0181447
1.4883527
1.0964903
-3.9609473
1.9589831
-0.40675166
0.8624567
-1.9370916
-1.6695062
0.53600365
-4.062397
-1.7780509
0.4637029
1.260195
-4.268616
-0.7937997
-1.0098163
1.0511531
-0.61369073
-2.5525582
0.11214408
-4.2190046
-0.9819474
-2.1950705
0.36858216
-3.9223487
-1.104084
-2.552037
-1.2085767
-1.8031344
3.0632868
-1.220485
-0.50369895
-4.251092
1.4406053
0.80510616
0.94858897
4.0761576
-0.11585917
2.947669
0.94811213
-0.36945996
1.2571672
-3.8153207
-4.04769
3.3681543
-4.368293
0.2030626
-3.9713519
0.890158
-3.9297454
0.62464905
-0.7654568
0.53005034
3.2699358
-3.2070057
2.8821282
0.83707374
-0.77452093
-0.0046663024
-2.2031038
-2.3869917
-1.1218044
-2.462449
1.4982321
-3.224271
0.72041047
0.6561075
-4.599008
1.2077651
0.7282731
-4.337111
-2.941095
2.0675035
1.4843807
-2.810982
0.5744799
-4.169319
-2.2866712
1.3710692
-0.7373117
-1.5485021
1.4194715
-2.4784966
2.0136259
-5.6391106
-0.90885085
1.6658933
-4.123462
1.038007
-4.3299646
-3.832066
3.5853589
-2.7219398
-2.0506628
0.2671118
-1.333386
1.0482178
-2.1543171
-4.31781
-2.617166
-1.8543583
-1.3073009
3.1166098
2.457611
-3.727619
-2.1962
3.4000483
-1.8364335
1.3022853
-4.271197
0.0647717
0.8727951
-2.307221
2.2773626
1.0877695
-4.1888967
-2.3064222
-0.64966714
0.016698454
1.7782912
1.4791378
3.5769536
2.165778
-4.1249146
2.8894744
0.54252833
-1.3230071
1.2400353
1.8833079
-4.476125
-3.1325192
0.96076787
-0.6047265
-4.8351026
1.6761694
1.28221
-3.759738
-3.974211
2.3535051
-2.5158799
1.1292558
2.639268
-3.8330252
-2.7903376
1.4392872
2.10091
0.86747146
1.0007201
-3.2116394
-0.8141532
-1.0469465
3.6515355
3.1167138
-0.78218365
-3.844487
0.45660123
-1.6617842
-3.4321454
1.0287725
-1.480115
1.907013
0.62087667
-2.1811917
0.9357294
-0.21735457
0.6271599
-1.1276093
-4.2898555
-0.32193518
-4.888733
-0.23667735
-3.0725713
-2.0092564
-0.70947486
-2.9315276
-1.945477
2.1160915
-2.0898435
-1.8789436
0.47866845
-3.701732
3.8614638
-0.6157313
-1.29232
-4.2937293
-1.8234849
2.5862312
-0.5506759
-2.0871236
0.4974651
-4.1379585
-2.6396086
-1.4577794
-4.1642857
-0.8429369
0.44361973
2.889584
-1.2887456
-1.1767721
-2.0023913
0.55753857
-0.89797366
3.7254887
1.3079863
3.6491632
-2.2088625
2.3980472
-1.4073596
-3.6461492
-4.012771
0.65158075
-3.3165972
1.9642661
1.4834563
-4.037022
0.36255476
0.0051042233
-1.8084174
-4.193689
-0.6567538
3.5626838
2.5535486
0.98171765
-0.270646
1.3891948
-3.508193
-1.5417655
1.8872825
-4.297715
-3.7575257
-4.5864596
-1.9169968
-4.369121
0.24470812
3.2154307
-3.7393978
-0.84256536
-1.5785925
0.89868724
-4.7252727
1.1419346
-1.2777443
1.9020877
0.23874877
-3.5430598
-1.1023983
-1.239423
-1.2401062
-3.6311364
2.4922268
1.640397
-0.8636632
-5.405756
-3.932913
2.380757
2.1020787
3.0939732
2.9104218
-0.5570438
1.465689
1.3123765
-1.7621098
-1.6674972
3.380098
-3.1283545
2.7197478
-3.8383327
0.82133263
-2.129117
-2.5234802
0.75601053
-3.2050402
-3.2900949
-0.46900508
2.2485144
-3.8399947
-3.661259
1.4638021
-1.7085693
-3.682993
-1.2553166
3.8693004
2.7828066
1.5005077
0.1675071
1.1633663
-0.39685023
-5.0249333
-1.2143381
1.8445817
0.9910497
-2.502824
2.5536077
1.5520823
0.8076328
1.6641134
-4.6793237
-0.36435717
-0.118296415
-1.0093935
-0.97332454
-2.539581
-0.9529439
-3.3179772
-4.1356792
-2.57768
-2.2101183
-1.2703576
0.027897839
-2.4341981
-0.622166
-0.09588181
-0.6839814
3.4760602
-3.805756
-1.9004673
-3.5802612
0.82964987
-3.1955113
-3.866704
1.4830272
-3.6391566
-2.512458
-2.397234
-2.9570148
-1.9601253
-0.75277305
3.3814356
-4.083127
-4.212137
-2.490107
-0.47881016
1.2543596
2.531808
-0.4499475
-1.300599
-0.6840326
-0.19276641
3.482018
1.0137335
1.0977335
2.4764004
0.75896454
-2.593136
0.88431734
-3.0873437
-0.69780546
-2.4233365
0.89627004
1.6333787
-1.1238661
-3.7703028
0.769713
-1.0148104
3.1390402
2.3296943
-1.1738508
0.11397828
0.62243134
-3.5035942
-4.829871
1.9903716
-2.261555
-2.5257955
3.3343787
1.0598775
-3.1919668
-3.6876268
-1.3380009
-0.54864067
-1.1221579
0.5750213
-0.027301114
3.1462443
1.7794394
-0.10002715
-1.9733782
2.0152266
1.765022
-1.0883118
-4.0994935
3.1666632
-0.6213035
1.5153551
-2.40169
-0.5541554
-3.9224172
-4.180215
0.31960908
-3.1555533
0.17782938
-1.1753056
-1.2224661
0.67387307
-2.1059706
1.9459043
-1.1622734
-4.1346474
-2.1277559
-5.4079566
0.46003273
2.7940288
-2.5551333
-1.1512518
-1.2909123
2.5417857
-2.3875926
2.6918633
0.8000136
2.2993019
0.3429282
-2.1401281
1.1758279
-1.2281421
1.8338437
0.34399354
-1.7635847
2.9501607
3.3294742
1.210661
3.9436984
0.15948997
-3.2301323
-2.064951
0.06921014
0.91042835
-0.40854004
-4.167779
-1.0635244
1.7938411
3.7391841
-1.3682556
-1.8524249
0.55437875
-0.05827993
-3.3023195
-0.50179785
-0.27924436
-2.3900805
-3.327618
0.51623416
-2.7460146
-2.0964794
0.96263
0.5900492
0.8854426
-1.7264619
1.804996
-3.8754265
-1.9407451
-3.1936083
0.89169
0.8556477
-2.357935
2.6014473
-4.2514176
-1.1637154
0.36244312
-0.076597124
0.67128825
0.62619334
0.8216908
1.5974495
-1.7719369
-3.2298534
-2.1001077
-3.8873796
-0.47512755
2.5564783
-4.5818
-2.9230988
1.1438671
-6.2567124
-3.3989134
-1.3600827
-4.329535
-0.09519024
0.6511838
-4.120833
-0.9345902
-0.42957574
0.5692143
-2.015357
-3.0163395
-3.768514
1.0574834
-2.2871943
0.60940164
0.7311707
-2.6657174
-1.3480345
-0.37765324
1.1829399
-1.0795774
1.9467955
-3.757049
-0.38537434
1.0011141
-4.1230593
0.9948425
-3.5192423
1.0799788
-1.256663
0.51605844
-0.8360386
-0.45813054
-2.3721156
-1.2560041
-2.998767
-1.8658099
-3.8191783
-4.585822
2.8004136
1.9433974
3.341359
-1.0278215
0.7966499
0.8455897
-3.3586938
-1.7324586
-0.42655894
-4.352995
-0.31041586
-0.89725286
1.6141996
2.7005002
-4.6134815
0.64809304
-0.35934433
0.95927703
-1.3004841
2.3706079
-4.016755
-4.103204
-0.16169049
0.14674261
2.075361
0.60044605
-3.6713293
-2.911698
-1.4208614
-3.773774
-3.7348454
0.4553971
-2.2299743
-3.794904
-3.3155499
-1.99722
-4.1422467
3.3352084
-2.6163256
-0.39603943
-2.7275634
-0.21877708
0.004674144
-2.2399464
-4.1841197
-2.0936944
0.25190946
2.8830795
1.2313862
3.5709367
-2.6701114
0.83135164
-3.8054311
-4.6782627
-4.722448
-3.9458544
-3.582948
0.41667336
1.0714561
2.6523042
0.6248076
-1.4143488
0.11168401
0.67626303
3.1783075
-4.2574806
-3.268668
-0.88954824
3.2660587
-3.1446924
-1.227814
-1.8025746
-2.2523825
2.950932
3.5625288
-2.2585351
-1.6709434
-3.9110944
-4.6223445
-0.78663623
-0.4214665
2.9648697
-0.7903946
-0.59765416
-0.83185893
3.7349021
-2.4591126
2.4495099
-0.42539868
-0.4349525
-1.0590905
3.6610107
-4.020817
0.59861284
-0.18291938
