pt
0        47.892139
1        20.456488
2        90.120331
3       321.390594
4       417.097626
5       195.029449
6       437.402527
7       945.817993
8       289.869751
9       441.519073
10      425.045471
11      280.981384
12       21.229664
13       93.532288
14      378.707001
15       69.385788
16       29.194559
17       75.565025
18       24.106560
19       91.763504
20       45.476479
21       65.679550
22       31.191704
23      385.945709
24       20.402821
25      311.923920
26      429.611877
27       63.378914
28      207.716263
29       50.727699
           ...    
1193    189.017715
1194    288.912506
1195    340.549957
1196    329.156647
1197     69.392456
1198    122.547539
1199     85.326256
1200    483.237946
1201     23.757496
1202     30.242252
1203    478.400116
1204    745.932617
1205    230.796188
1206     22.935738
1207    283.852295
1208     41.227398
1209     52.312588
1210    177.961395
1211    117.737534
1212     22.402548
1213     23.016747
1214    139.950897
1215     33.036457
1216     38.203602
1217    252.948700
1218     40.400566
1219     27.406687
1220    196.919388
1221     23.997284
1222    238.201248
Name: pt, Length: 1223, dtype: float32
eta
0      -0.167302
1       1.134067
2       2.394205
3       0.399991
4      -0.550826
5      -1.425862
6       0.276134
7       0.790053
8      -1.581169
9      -0.308782
10      0.746290
11      0.302429
12     -1.084628
13      0.799644
14     -0.703801
15     -2.097864
16      1.284641
17      1.205814
18      0.279521
19     -0.685865
20      0.147725
21      1.164370
22     -0.510406
23     -0.415073
24      0.195477
25      0.551783
26     -1.475360
27      1.519699
28      1.260809
29     -1.268192
          ...   
1193    0.965623
1194   -0.758045
1195   -2.048338
1196   -0.062434
1197    0.668842
1198   -0.746249
1199   -0.808473
1200   -0.226273
1201   -2.042445
1202   -0.379963
1203   -0.431826
1204    0.163173
1205    0.296686
1206    1.641789
1207    0.155498
1208   -2.006428
1209   -1.202019
1210   -0.019276
1211   -1.004234
1212   -1.499225
1213    2.169910
1214    1.326135
1215   -1.940487
1216    0.581906
1217   -1.378155
1218    0.593002
1219   -0.465030
1220    0.470681
1221   -0.450071
1222    1.120095
Name: eta, Length: 1223, dtype: float32
neufrac
0       1.000000
1       1.000000
2       0.000000
3       0.010247
4       0.000627
5       0.012073
6       0.002925
7       0.000998
8       0.003475
9       0.002586
10      0.001889
11      0.006854
12      1.000000
13      0.049129
14      0.004941
15      1.000000
16      1.000000
17      1.000000
18      1.000000
19      1.000000
20      1.000000
21      0.037022
22      1.000000
23      0.015292
24      1.000000
25      0.030188
26      0.002817
27      1.000000
28      0.013833
29      0.054874
          ...   
1193    0.002653
1194    0.015412
1195    0.000981
1196    0.003084
1197    1.000000
1198    1.000000
1199    1.000000
1200    0.006685
1201    1.000000
1202    0.180759
1203    0.010565
1204    0.006160
1205    0.012802
1206    1.000000
1207    0.015655
1208    1.000000
1209    0.045824
1210    1.000000
1211    0.031930
1212    1.000000
1213    1.000000
1214    0.116036
1215    1.000000
1216    1.000000
1217    0.015539
1218    1.000000
1219    1.000000
1220    0.031048
1221    1.000000
1222    0.001414
Name: neufrac, Length: 1223, dtype: float32
maxd0
0        0.000000
1        0.000000
2        1.265374
3        2.293780
4        0.004259
5        0.419470
6        1.829906
7        0.745117
8        0.896275
9        0.002516
10       0.029177
11       2.366302
12       0.000000
13       0.115725
14       2.356235
15       0.000000
16       0.000000
17       0.000000
18       0.000000
19       0.000000
20       0.000000
21       8.691383
22       0.000000
23       0.019449
24       0.000000
25       0.013422
26       0.003396
27       0.000000
28       2.968926
29      14.030293
          ...    
1193     6.757418
1194     0.810884
1195     0.005054
1196     0.005067
1197     0.000000
1198     0.000000
1199     0.000000
1200     0.000000
1201     0.000000
1202     0.002152
1203     1.886590
1204     1.417202
1205     9.041299
1206     0.000000
1207     1.955921
1208     0.000000
1209    22.024807
1210     0.000000
1211     0.510784
1212     0.000000
1213     0.000000
1214     3.459977
1215     0.000000
1216     0.000000
1217     0.810982
1218     0.000000
1219     0.000000
1220     9.950993
1221     0.000000
1222    14.851990
Name: maxd0, Length: 1223, dtype: float32
mind0
0       0.000000
1       0.000000
2       0.074989
3       0.297651
4       0.001605
5       0.040519
6       0.813401
7       0.347240
8       0.062570
9       0.001185
10      0.003984
11      0.665193
12      0.000000
13      0.088876
14      0.010766
15      0.000000
16      0.000000
17      0.000000
18      0.000000
19      0.000000
20      0.000000
21      0.443814
22      0.000000
23      0.001813
24      0.000000
25      0.000844
26      0.000717
27      0.000000
28      0.726659
29      1.402454
          ...   
1193    0.057249
1194    0.003905
1195    0.001373
1196    0.000071
1197    0.000000
1198    0.000000
1199    0.000000
1200    0.000000
1201    0.000000
1202    0.000394
1203    0.204315
1204    0.619657
1205    0.967114
1206    0.000000
1207    1.881092
1208    0.000000
1209    0.000726
1210    0.000000
1211    0.000720
1212    0.000000
1213    0.000000
1214    0.947780
1215    0.000000
1216    0.000000
1217    0.029247
1218    0.000000
1219    0.000000
1220    0.053516
1221    0.000000
1222    0.741588
Name: mind0, Length: 1223, dtype: float32
tkiso
0       1.000000
1       1.000000
2       0.019160
3       0.031557
4       0.022088
5       0.163971
6       0.019771
7       0.020438
8       0.049962
9       0.045860
10      0.023439
11      0.047244
12      1.000000
13      0.122127
14      0.022049
15      1.000000
16      1.000000
17      1.000000
18      1.000000
19      1.000000
20      1.000000
21      0.162919
22      1.000000
23      0.044029
24      1.000000
25      0.069654
26      0.047238
27      1.000000
28      0.074855
29      0.681116
          ...   
1193    0.078527
1194    0.095274
1195    0.031761
1196    0.045075
1197    1.000000
1198    1.000000
1199    1.000000
1200    1.000000
1201    1.000000
1202    0.433788
1203    0.017839
1204    0.009016
1205    0.079777
1206    1.000000
1207    0.106758
1208    1.000000
1209    0.149425
1210    1.000000
1211    0.244669
1212    1.000000
1213    1.000000
1214    0.087440
1215    1.000000
1216    1.000000
1217    0.042594
1218    1.000000
1219    1.000000
1220    0.095135
1221    1.000000
1222    0.015667
Name: tkiso, Length: 1223, dtype: float32
pfiso
0       0.743254
1       0.711546
2       0.036186
3       0.041179
4       0.024915
5       0.129833
6       0.046346
7       0.028021
8       0.084699
9       0.046798
10      0.025367
11      0.046303
12      0.692308
13      0.228257
14      0.018332
15      0.551110
16      0.740387
17      0.670041
18      0.702294
19      0.470714
20      0.519552
21      0.139952
22      0.757795
23      0.039887
24      0.835344
25      0.073407
26      0.045346
27      0.687501
28      0.098025
29      0.200380
          ...   
1193    0.109210
1194    0.093005
1195    0.037358
1196    0.045162
1197    0.671958
1198    0.473665
1199    0.643157
1200    0.053538
1201    0.632895
1202    0.492965
1203    0.047210
1204    0.029464
1205    0.122471
1206    0.830289
1207    0.114235
1208    0.715015
1209    0.205810
1210    0.392444
1211    0.230338
1212    0.797973
1213    0.811012
1214    0.105573
1215    0.770441
1216    0.504695
1217    0.067963
1218    0.770132
1219    0.444280
1220    0.148697
1221    0.542268
1222    0.091234
Name: pfiso, Length: 1223, dtype: float32
spreadpt
0       0.856304
1       0.392271
2       0.740988
3       0.739158
4       0.713470
5       0.703736
6       0.759480
7       0.953315
8       0.816271
9       0.787037
10      0.765916
11      0.759545
12      0.748769
13      0.677494
14      0.864369
15      0.939187
16      0.428493
17      0.269161
18      0.390170
19      0.858903
20      0.531780
21      0.766735
22      0.867213
23      0.789179
24      0.537415
25      0.696706
26      0.705390
27      0.547239
28      0.744551
29      0.671974
          ...   
1193    0.791269
1194    0.696939
1195    0.773855
1196    0.801415
1197    0.652012
1198    0.551638
1199    0.368906
1200    0.751841
1201    0.578027
1202    0.627798
1203    0.702931
1204    0.711014
1205    0.830675
1206    0.839484
1207    0.711842
1208    0.692502
1209    0.675143
1210    0.729159
1211    0.866200
1212    0.382478
1213    0.913167
1214    0.641345
1215    0.786747
1216    0.308507
1217    0.712194
1218    0.826648
1219    0.907348
1220    0.754987
1221    0.341578
1222    0.849259
Name: spreadpt, Length: 1223, dtype: float32
spreaddr
0       8.379649e-04
1       9.202369e-03
2       2.036312e-04
3       1.465905e-05
4       1.886197e-07
5       5.734860e-04
6       6.673729e-05
7       1.770028e-04
8       2.768095e-05
9       2.497935e-07
10      2.044232e-05
11      2.718632e-05
12      8.960349e-04
13      1.787384e-04
14      1.965321e-05
15      2.141255e-04
16      4.849282e-03
17      1.371933e-02
18      7.470706e-03
19      3.951150e-04
20      4.675733e-03
21      1.510957e-03
22      2.922492e-04
23      2.223676e-05
24      7.996003e-03
25      1.468200e-04
26      5.077411e-07
27      8.880557e-04
28      2.844969e-04
29      1.146799e-02
            ...     
1193    4.110897e-03
1194    8.830697e-04
1195    6.627248e-07
1196    1.684929e-06
1197    1.024232e-03
1198    2.204546e-03
1199    4.489862e-03
1200    2.611175e-06
1201    5.634211e-03
1202    1.436512e-03
1203    6.125148e-06
1204    2.199265e-02
1205    3.814306e-04
1206    9.787411e-04
1207    1.802881e-04
1208    2.031640e-03
1209    1.394290e-02
1210    1.196694e-04
1211    3.785648e-04
1212    9.061880e-03
1213    4.833783e-04
1214    3.136685e-04
1215    7.521438e-04
1216    8.782319e-03
1217    5.359993e-05
1218    4.631879e-04
1219    3.255913e-04
1220    5.862491e-04
1221    3.252208e-02
1222    8.409493e-03
Name: spreaddr, Length: 1223, dtype: float32
lambda
0      -4.694394
1      -4.127115
2      -1.069168
3      -6.945085
4      -7.431718
5      -6.020743
6      -7.256230
7      -7.721863
8      -7.692365
9      -7.313333
10     -7.242885
11     -6.719322
12     -4.245388
13     -4.406043
14     -7.635206
15     -5.947202
16     -4.237333
17     -6.197219
18     -3.998326
19     -5.976696
20     -3.991917
21     -5.310940
22     -4.877102
23     -7.194141
24     -3.674116
25     -4.522418
26     -7.986259
27     -5.209307
28     -6.170008
29     -4.679685
          ...   
1193   -6.794557
1194   -6.985611
1195   -6.608111
1196   -6.951812
1197   -3.718623
1198   -3.633308
1199   -5.056740
1200   -7.293272
1201   -2.429392
1202   -4.511577
1203   -6.970986
1204   -7.054626
1205   -6.549454
1206   -4.816607
1207   -6.763870
1208   -4.755121
1209   -5.843492
1210   -6.282178
1211   -6.436932
1212   -3.866423
1213   -3.257993
1214   -5.881833
1215   -4.256771
1216   -5.153377
1217   -6.426734
1218   -4.238155
1219   -4.709506
1220   -6.600834
1221   -2.222713
1222   -1.801477
Name: lambda, Length: 1223, dtype: float32
epsilon
0       0.009394
1       0.014120
2       0.225100
3       0.001061
4       0.000627
5       0.001762
6       0.000743
7       0.000478
8       0.000409
9       0.000698
10      0.000759
11      0.001347
12      0.018980
13      0.015986
14      0.000631
15      0.002994
16      0.016251
17      0.002218
18      0.020418
19      0.002706
20      0.020022
21      0.004475
22      0.008895
23      0.000715
24      0.027367
25      0.010123
26      0.000354
27      0.006220
28      0.002479
29      0.008990
          ...   
1193    0.001442
1194    0.001228
1195    0.000980
1196    0.001018
1197    0.020962
1198    0.021513
1199    0.007832
1200    0.000666
1201    0.103780
1202    0.012407
1203    0.001146
1204    0.000899
1205    0.001635
1206    0.007037
1207    0.001235
1208    0.010421
1209    0.003135
1210    0.001977
1211    0.001845
1212    0.027636
1213    0.035206
1214    0.003201
1215    0.009954
1216    0.006385
1217    0.001272
1218    0.017713
1219    0.010671
1220    0.001700
1221    0.093737
1222    0.167349
Name: epsilon, Length: 1223, dtype: float32
ecf1
0        48.076412
1        20.597712
2        90.131226
3       321.482300
4       417.099518
5       195.088654
6       437.475250
7       945.869873
8       289.885223
9       441.545868
10      425.075958
11      281.023895
12       21.311352
13       93.566788
14      378.760406
15       69.443375
16       29.446711
17       76.331276
18       24.305071
19       91.812027
20       45.664841
21       65.791695
22       31.268681
23      386.055817
24       20.589540
25      312.199860
26      429.644012
27       63.560001
28      207.794861
29       51.055264
           ...    
1193    189.066650
1194    289.007141
1195    340.556335
1196    329.201050
1197     69.460144
1198    123.108879
1199     85.530182
1200    483.250916
1201     23.810936
1202     30.335423
1203    478.464294
1204    745.992493
1205    230.917328
1206     23.008070
1207    283.931000
1208     41.386520
1209     52.695793
1210    178.065247
1211    117.903526
1212     22.544930
1213     23.101454
1214    139.982681
1215     33.175774
1216     38.487526
1217    252.980988
1218     40.515278
1219     27.426960
1220    197.046951
1221     24.196293
1222    238.341736
Name: ecf1, Length: 1223, dtype: float32
ecf2
0          85.326233
1          38.175690
2                NaN
3         397.639252
4          52.029972
5         579.700012
6        1007.534424
7        8416.582031
8         289.670471
9         130.022705
10        543.912720
11        378.059418
12         21.435036
13         95.846497
14        558.511536
15         48.614429
16         79.572281
17        556.443115
18         48.287384
19        138.785553
20        111.807640
21        123.547318
22         32.098087
23        652.085449
24         33.466042
25       1035.395386
26        197.500504
27        169.221527
28        468.273987
29        161.563446
            ...     
1193     1269.615356
1194     1557.997070
1195       64.768188
1196      125.706390
1197      149.225174
1198      914.419189
1199      418.081146
1200      298.620361
1201       33.201031
1202       40.289898
1203      661.740601
1204    42140.339844
1205      764.986084
1206       16.585575
1207      721.341797
1208       79.371910
1209      182.992920
1210      497.991119
1211      261.936218
1212       40.961067
1213       14.714043
1214      212.127380
1215       54.385990
1216      119.650192
1217      403.780975
1218       59.631886
1219       14.925382
1220      613.239380
1221       67.814026
1222     2961.951172
Name: ecf2, Length: 1223, dtype: float32
ecf3
0          23.845219
1          10.987036
2                NaN
3          58.200878
4                NaN
5         109.328064
6         137.255630
7         412.838776
8           7.268090
9           5.189585
10         35.313538
11         57.966595
12          3.446335
13          9.549819
14         74.600624
15               NaN
16         36.352394
17        595.562622
18         16.066971
19          9.421529
20         30.950377
21         17.374344
22          6.337041
23         82.411446
24          6.924115
25        214.924210
26         14.909218
27         58.831604
28         47.340637
29         29.910921
            ...     
1193       24.588007
1194      540.711426
1195             NaN
1196        2.556726
1197       30.610018
1198      999.717163
1199      240.879501
1200       13.090965
1201        5.497071
1202        8.848470
1203      109.382057
1204    10754.664062
1205      149.171082
1206        1.398033
1207      106.519920
1208       16.906590
1209       27.482920
1210      113.969055
1211       49.333725
1212       11.468479
1213        1.434158
1214        6.111794
1215       16.471157
1216       56.586338
1217       59.729149
1218       15.596557
1219        0.866387
1220       92.575531
1221       30.728153
1222             NaN
Name: ecf3, Length: 1223, dtype: float32
