-3.3364418
-3.786955
0.62644506
0.75258374
-2.2522817
3.5034401
-0.37587905
0.29172537
2.0738802
-2.9214284
-1.9568866
0.1503273
-2.8698604
-1.4574327
2.3567202
-3.5371926
-3.8145397
-3.90932
-3.7883637
-3.2340586
-3.507348
-0.51737624
-2.9628158
1.3972812
-3.1212249
-2.2157743
-2.751073
-4.035464
-0.21207014
-1.0364943
-3.6791465
0.844117
0.57639676
-3.4977472
-3.4900115
-3.4988935
-2.5227635
-0.4716136
-2.2044644
1.8539273
1.907269
-3.358131
-3.0133615
1.9366364
-3.6751518
-3.8916528
-3.8110878
-0.9997268
-2.6822264
-3.0043128
-3.139233
-3.9970586
-3.7959008
-3.8357966
-4.2764826
2.6131244
1.1843728
2.9796336
-3.2223535
-3.9226036
-3.5879269
-0.6535886
-2.422291
0.944919
0.595782
-4.04306
1.5979968
1.6888858
-3.2928076
0.14591868
-2.3900065
-6.1349883
-1.2612317
-3.9985988
-3.5461779
-4.2633023
1.2635404
-0.89863724
0.67083424
-3.7653022
-2.480148
-3.3128572
0.73657155
-2.6026027
0.45535475
-3.137167
-2.3943412
3.6638703
-4.314468
1.6985598
-4.272105
1.5696578
-2.5756617
-3.2122984
-3.6218612
-3.6932578
-3.2170086
3.4037445
-3.8813188
1.4152846
-4.2830358
-4.2714567
3.4197044
-3.4383445
-4.048831
-3.5981185
-3.767649
-3.7006218
-3.4457777
-3.1933682
1.0417887
2.083089
-1.6525031
0.46435186
2.0000353
-4.204366
-1.6833265
-2.4174047
-3.0504515
-2.747675
0.5351717
-3.4242373
-3.3950496
-1.9975879
0.93856674
-0.036292095
1.841056
0.73007166
-3.767386
-3.2122467
-3.2372127
0.62189746
-3.902126
1.242027
0.83667856
-3.9038243
-3.339901
0.049694158
1.2719005
-4.129296
-2.2164881
-3.0868788
-1.0706825
0.6827911
-3.4307537
-3.3163233
-3.050165
1.0368587
-2.3727932
-3.889605
-0.9376841
2.6072323
0.5138938
-3.3352036
-2.5634449
-3.8532774
-2.7421095
-3.1497214
-3.2305274
-3.062246
1.7851188
1.0750169
-3.5853927
-2.4535952
-3.515293
2.0647786
-4.128281
-3.654637
2.9927907
-3.1562462
-2.3996794
-3.5464272
-0.61178255
0.7603811
1.456183
-3.0667264
0.7994762
-1.2001184
-2.3548176
-2.4232857
0.99742395
-3.8293753
-2.308696
-3.8129618
2.0777142
-3.722368
0.17509875
0.95847684
-3.6521685
-2.5295057
-2.8770382
-2.5834055
2.626717
-4.1133785
-2.1975086
3.318104
-3.7496185
-2.2145467
1.347275
-2.914572
-2.882754
-3.2912204
-3.3356001
1.9609841
-4.0982814
-2.62821
-3.2453427
-2.2126808
-2.7779741
1.4510044
0.6119448
-2.5578222
-3.5643024
-3.4662724
3.0154562
0.90696126
-3.4627733
-0.302216
-3.1804945
0.0929805
-4.4866123
-3.3344026
0.8727096
-3.8757298
1.0111086
2.7187726
-3.9308348
0.42847192
-2.9389236
-3.1698465
3.1229305
0.6361842
-3.390794
-1.3181572
0.76301914
-3.462756
0.3388763
-4.1038246
2.3747494
-3.3884041
1.7254065
-3.9849324
-3.7217116
2.5952387
3.3276474
-3.3115947
-4.238417
3.215855
-2.2962594
1.4208902
-4.069386
-3.7290156
-2.7851117
-1.9382207
-4.304975
-4.0749555
2.4269145
-2.3540103
0.5458869
1.2658732
-2.6977923
0.04461596
-5.2606463
0.5764148
-4.131854
-3.297224
1.2479525
-2.9095886
-3.3663526
0.94227946
1.3890346
-0.05497545
-3.1414104
-1.6298308
-3.354168
3.2010112
2.480382
0.8028165
-3.0649242
0.67948836
0.9314445
-2.9404438
-3.1372168
1.6976992
0.821406
1.9596562
0.8595911
-3.6171207
-3.7062674
-2.8894548
-2.6507702
-4.4458566
-1.7353383
-3.1564956
-0.14017877
-2.0897894
0.47768274
-4.0486
-2.5192235
1.3790876
-3.9352283
-2.1032162
0.94244707
-2.3105931
-3.9270513
0.75689095
3.3080292
-4.048286
-0.34928146
3.7074585
0.76755106
2.840687
-0.46532533
-0.040954847
-2.0416782
3.4419227
-0.46352607
-1.6275339
-3.8143537
1.700624
0.74621344
-2.7827702
-3.81827
-3.9734178
2.9259038
-0.20849854
-3.3640919
0.6697264
0.14057979
0.5818756
-3.3443878
-3.5514996
-3.1289177
-3.6819527
-2.4208932
-4.2617598
-3.42086
-3.0917003
-2.4385982
-4.08667
-3.440134
1.3448416
-2.1364086
-3.0885377
-4.071791
3.3865097
2.4563785
2.7382162
1.8864241
3.857109
-0.2101652
-3.0525467
-0.06880964
-3.3175948
-3.565288
-3.398239
-3.6659646
-3.435222
-4.134427
-3.073469
1.8585758
-2.7207346
-2.668019
-3.1670387
-3.5379674
-2.861139
3.1156003
3.4852536
2.6606092
-3.835792
-2.7414243
-2.7227597
-3.1037233
-2.1495945
-3.408535
-2.3370867
2.0313413
-0.22697501
-3.1149151
-4.077933
2.0520887
0.69856423
-3.1582727
-3.1561077
1.3523641
3.5212557
-3.807792
-2.9306693
-3.6344097
1.2639667
-3.0085845
-3.675066
0.76479286
-2.7953339
2.466986
0.043838337
-1.9288325
-3.1941004
-3.61521
0.8035225
0.13811596
-3.1635587
-5.5587907
-2.5902705
0.57904476
-3.5975997
4.0074897
-4.547532
-4.199786
-3.6744432
2.6389165
-3.4133496
-4.2398
0.40828225
1.0475875
-0.5674006
1.0181447
1.4883527
1.0964903
-3.9544184
1.9589831
-2.370538
0.8624567
-1.9370916
-3.1815205
0.53600365
-3.753924
-1.7780509
-3.3916225
-2.6783028
3.1236806
1.260195
-4.0488334
-3.0778143
-2.7760422
1.0511531
-0.61369073
-2.5525582
0.11214408
-3.3475974
2.0529897
-3.9768677
-3.1436284
-3.0042307
0.36858216
-3.8564818
-2.9309044
-3.4756386
-3.2869573
-3.1562736
-3.2364779
3.0632868
-3.5747838
-0.50369895
-4.014214
1.4406053
0.80510616
0.94858897
4.0761576
-2.9525948
-2.2297513
-0.11585917
2.947669
0.94811213
-1.3483175
1.2571672
-3.8153207
-3.9127374
3.3681543
-4.135605
0.2030626
-4.329873
-3.6393895
-3.8703098
0.890158
-3.7751935
0.62464905
-2.7378478
0.53005034
3.2699358
-3.3036375
2.8821282
0.83707374
-3.993518
-0.77452093
0.7500047
-3.2408066
-1.7605206
-3.125548
-2.3869917
-3.2950737
-2.462449
1.4982321
-3.224271
0.7384225
-3.5790963
-3.0681567
0.72041047
0.6561075
-3.1485393
-4.4570723
2.3246226
1.2077651
0.7282731
-3.661342
-1.2765645
-2.941095
-2.0135417
2.0675035
1.4843807
-2.810982
0.5744799
-4.1416073
-3.4188116
-3.3048732
1.3710692
-2.5925443
0.9420596
-3.5257986
-3.5910888
1.4194715
-3.5995333
2.0136259
-5.6391106
-3.1087198
3.4355745
1.6658933
-3.9564264
1.038007
-3.957965
-3.83216
-3.2042146
3.5853589
-3.1221824
-2.7219398
2.2284567
-4.4696403
-3.316584
-1.6834161
-1.333386
1.0482178
-3.28283
-3.8489087
-2.617166
-3.4271932
-3.1644
-2.1466143
3.1166098
2.457611
-3.7935677
-2.1962
3.4000483
-1.8364335
1.3022853
-4.2896047
0.0647717
0.8727951
-2.307221
2.2773626
1.0877695
-3.2886627
-4.1888967
-2.3064222
-2.7334287
-0.97309124
2.3338585
-3.4341686
0.016698454
1.7782912
1.4791378
3.5769536
-3.483173
-3.5980093
-0.8999655
2.165778
-3.5622547
2.8894744
0.54252833
-3.6770885
-1.3230071
1.2400353
1.8833079
-4.223617
-3.2453296
-3.6805542
-3.2182062
0.96076787
-2.809752
-2.95156
-1.8058009
-4.304165
1.6761694
-3.4295304
-3.3508008
1.28221
-3.7898111
-3.9355881
2.3535051
-2.8707557
-3.953504
-2.5158799
-4.225153
1.1292558
-0.49639356
1.5669147
2.639268
-3.8632982
-2.7903376
1.4392872
2.10091
0.86747146
1.0007201
-3.2116394
-3.831316
-2.671514
-3.0867748
3.6515355
-3.8131373
3.1167138
-0.78218365
-3.5720222
0.45660123
-1.6617842
-3.768917
1.0287725
-2.9583464
-0.9970275
-3.4371903
-2.2677476
1.907013
1.9770743
0.62087667
-2.1811917
0.9357294
-3.0268393
-0.21735457
0.6271599
-3.2367961
-4.1606464
-0.32193518
-4.2817917
-0.23667735
-3.0725713
-3.3710225
-0.70947486
-3.472055
-3.2952435
2.1160915
-2.0898435
-1.8789436
0.47866845
-3.701732
3.8614638
-2.8001394
3.092093
-1.29232
-3.9724948
-3.6563952
-3.126328
2.5862312
-2.5474544
-2.7943943
0.4974651
3.5313432
-4.077756
-3.8461914
-2.6396086
-3.0449739
-3.9078224
-0.8429369
0.44361973
2.889584
-3.5702357
-3.3461323
-3.2290123
0.55753857
-2.8702176
-2.83624
3.7254887
-2.92363
1.3079863
3.6491632
-3.5078928
2.3980472
-3.3963077
-3.5807035
-3.9433186
0.65158075
-3.368275
-4.052315
1.9642661
1.4834563
0.56981134
-4.087795
0.36255476
0.0051042233
-3.3444076
-4.1649947
-2.439525
3.5626838
2.5535486
3.2749412
0.69804144
0.98171765
-2.1902635
1.3891948
-3.7950912
-3.5636244
-3.2254653
-3.4898562
-2.9612818
-2.017558
1.8872825
-3.62006
-2.677196
-3.709901
-4.002182
-4.1781616
-3.3207622
-1.9169968
-4.288277
-3.190757
0.24470812
3.2154307
-3.7914495
-4.0924177
0.7006529
-3.7759523
0.66118044
-3.5924761
-3.01211
-1.5785925
0.89868724
-5.6220164
1.1419346
-3.6275842
-2.6720948
1.9020877
-3.620867
-3.7395294
3.846211
0.23874877
-3.3420703
-3.0203612
-2.9535966
-2.3709393
-3.402695
-2.7754781
-3.0973694
-2.7986548
-3.2363057
-3.3064263
-3.639973
-3.8631487
2.4922268
1.640397
-2.680222
0.75389016
-4.69881
-3.5212207
-1.909947
3.6009364
-3.0925884
-2.9981802
-3.840076
-3.4534402
2.380757
2.1020787
3.0939732
-3.9499884
2.9104218
-2.8633149
2.2448914
1.465689
1.3123765
-0.7911271
-1.7621098
-3.3159122
3.380098
-3.2777994
2.7197478
-4.098455
0.82133263
-2.129117
-0.32307482
0.75601053
-3.6854496
-3.1016502
-3.4819357
-2.3672767
2.2485144
-3.7529964
-3.5753329
1.4638021
-1.7085693
-3.591996
-1.2553166
2.5243516
3.8693004
2.7828066
-3.2441638
1.5005077
0.1675071
1.1633663
-0.39685023
-4.3642526
-1.2143381
1.8445817
0.9910497
-3.0383086
2.5536077
1.5520823
0.65731484
0.8076328
1.6641134
-4.1787567
-2.349321
-1.7581768
-3.186539
-3.2432947
-2.539581
-0.9529439
-3.3179772
-4.1348658
-3.4782932
-2.57768
-2.2101183
-3.5817323
0.027897839
-3.8749313
-0.622166
-0.09588181
-2.5621085
3.2335074
-3.398239
3.4760602
-3.8024426
-3.0322483
-3.8331132
-0.25569674
-4.178225
-3.718794
0.82964987
-3.1955113
-3.8017597
1.4830272
-3.574783
-2.512458
0.46432093
-3.9842517
-1.9601253
-0.75277305
3.3814356
-4.083127
-4.151902
-2.7545688
-2.490107
-0.47881016
1.2543596
2.531808
-0.4499475
-3.3878434
-3.4990103
-3.9324846
-2.5811627
-3.9360151
-0.19276641
3.482018
-3.1710205
1.0137335
1.0977335
2.4764004
0.75896454
-3.1065676
0.88431734
-3.3881245
-2.783765
-2.626129
0.89627004
-3.2042654
1.6333787
-3.4392996
-3.6327727
0.769713
-3.0385716
3.1390402
2.3296943
-1.1738508
0.11397828
-3.9198222
0.62243134
-3.5035942
-4.3109136
1.9903716
-3.2088752
-2.5257955
-3.8473778
3.3343787
1.0598775
-3.1919668
-3.5080419
1.2449758
1.9900451
0.31815866
-3.3945117
-3.0893443
-3.028991
-2.4776156
-3.433062
-3.5137253
0.5750213
-0.027301114
3.1462443
1.7794394
-0.10002715
-3.209807
-3.811506
2.0152266
1.765022
-3.2082694
-4.0690312
0.57566714
-4.3491426
3.1666632
-0.6213035
-4.0434256
1.1577077
1.5153551
-3.0433533
-2.8165762
-3.6587288
-4.033729
0.31960908
-4.15656
0.17782938
-2.978992
-3.0668588
0.67387307
-3.4280043
1.9459043
-1.1622734
-4.1395817
-2.1277559
-5.902937
0.46003273
2.7940288
-2.279307
-2.5551333
-3.2154868
-3.327306
2.5417857
-3.70991
-3.4992476
-4.238221
2.6918633
0.8000136
2.2993019
0.3429282
-2.1401281
-3.410889
-2.5967665
1.1758279
-3.365148
-4.3424425
-2.3397393
1.8338437
0.34399354
-3.0207207
2.9501607
3.3294742
1.210661
-2.636495
3.9436984
0.15948997
-3.4287875
-2.064951
0.06921014
0.91042835
-0.40854004
-4.008013
-3.2349162
-0.47486317
-2.8284986
1.7938411
-3.7489142
3.7391841
-3.4747381
-3.2515914
-2.5445914
0.55437875
-0.05827993
-3.1700194
-3.5974553
-2.6579077
-0.27924436
-3.4618187
-2.60108
-3.212209
-4.0792446
2.873456
-3.2132235
-3.64093
0.51623416
-2.6092973
-2.7460146
-3.2355056
0.96263
0.5900492
0.8854426
-3.7612603
-1.7264619
-3.2914429
1.804996
-3.7938654
-3.8626933
-3.272425
-3.1936083
0.89169
-3.8811457
0.8556477
-1.2071093
-4.1711617
-2.357935
-3.1941004
2.6014473
-4.1541905
-3.4137464
0.36244312
-0.076597124
-3.4258907
0.67128825
-4.0605445
0.62619334
0.8216908
1.5974495
-1.7719369
-2.569233
-3.2298534
-3.0242596
-3.7106829
-2.1001077
-3.8873796
-2.3161538
-2.3047767
-2.4682205
-3.696502
2.5564783
0.36699837
-1.11402
-3.205768
-3.9349492
-2.9230988
1.1438671
-4.319801
-3.0928173
-1.3407286
-3.559175
-3.8784924
-0.09519024
0.6511838
-4.008267
-0.9345902
0.6934486
0.5692143
-3.4264736
-2.789155
-3.4220054
-3.0163395
-3.8211138
1.0574834
-2.9777617
-3.5543692
0.60940164
-2.1504624
0.7311707
-2.6657174
-1.3480345
-0.37765324
1.1829399
-3.4010975
1.9467955
2.8969045
-1.9836166
-3.6718292
-0.38537434
1.0011141
-4.13174
0.9948425
-3.739486
1.0799788
-2.9800239
0.51605844
-2.8131447
-2.5985649
-3.4944766
-2.3721156
-3.040193
-2.998767
-3.3607895
-3.7331429
-4.478323
2.8004136
-3.2290378
2.5675342
1.9433974
3.341359
-3.153622
0.7966499
2.9088295
-2.620827
0.8455897
0.8830673
-1.7324586
-0.42655894
-3.95392
-0.31041586
-3.4778037
-2.7677088
1.6141996
2.7005002
-4.251881
0.64809304
-2.3800159
0.95927703
-1.3004841
2.3706079
-3.9232063
-4.063906
-3.9891348
-4.0312414
-2.0254834
-1.8537586
2.075361
0.60044605
-3.8369
-2.911698
-3.4318671
1.4842725
-3.5220578
-3.5639393
0.4553971
-3.059058
-3.7383685
-0.63019603
-3.20485
1.1467795
-4.028664
3.3352084
-3.3595417
-0.39603943
-2.7275634
-2.0997899
0.004674144
-1.6463348
-2.2399464
-4.1841197
-3.2647045
0.25190946
2.8830795
-2.8904636
-0.3790513
-2.8075085
-3.675552
1.2313862
3.5709367
3.885339
-2.6701114
0.83135164
-3.8911586
-4.6782627
-4.300821
-3.885794
-3.5471294
-2.5768
0.41667336
1.0714561
2.6523042
0.6248076
-1.4143488
0.11168401
0.67626303
3.1783075
-4.2574806
-3.3509612
-2.7429132
3.2660587
-3.3481252
-3.4036667
-3.3450775
-4.2313256
-3.2819905
2.950932
-4.40187
0.64510155
3.5625288
-2.2585351
-1.6709434
-3.9819272
-3.0032837
-3.133163
-5.6316276
-2.9186366
-0.4214665
2.9648697
0.8365048
-0.7903946
-3.6801674
-0.59765416
-3.0314488
3.7349021
-3.2376175
2.4495099
-2.395139
-3.8620539
-0.4349525
-2.7829704
-4.185029
3.6610107
-4.060195
-2.9144669
0.59861284
-2.6910033
-0.18291938
