
0.75258374
-2.2522817
3.5034401
2.0738802
-2.9214284 -1.9568866

-1.4574327
2.3567202


-0.51737624
1.3972812
-2.2157743
-2.751073
-0.21207014 -1.0364943 
0.844117

-0.4716136

1.8539273
1.907269
1.9366364



-0.9997268 -2.6822264





2.6131244
1.1843728
2.9796336

0.595782
1.5979968
1.6888858
0.14591868
-6.1349883
-1.2612317

-0.89863724
0.67083424
-3.7653022
-2.480148
0.73657155
0.45535475
1.6985598
1.5696578
3.4037445
1.4152846

3.4197044

2.083089
0.46435186
2.0000353


-2.4174047
0.5351717
-1.9975879
 0.93856674 -0.03629209
1.841056
0.73007166


0.62189746

1.242027   0.83667856

0.04969416
1.2719005


-3.4307537

 1.0368587 -2.3727932
-0.9376841
2.6072323
0.5138938


-3.1497214


1.0750169

2.0647786
2.9927907

-0.61178255
0.7603811 1.456183 

0.7994762
0.99742395
-2.308696
0.95847684


-2.8770382
-2.5834055
-2.1975086
1.347275

1.9609841
-4.0982814 -2.62821  


1.4510044

3.0154562

-0.302216
0.0929805
2.7187726
0.42847192
3.1229305
0.6361842
-1.3181572
1.7254065


1.4208902
-2.7851117
2.4269145
-2.3540103  0.5458869

0.04461596
-5.2606463  0.5764148
-4.131854 -3.297224


-0.05497545
-1.6298308

3.2010112
2.480382
0.8028165
0.67948836

1.6976992
0.821406
1.9596562
0.8595911


-1.7353383
0.47768274
1.3790876

0.75689095
-0.34928146  3.7074585 
0.76755106
2.840687
-0.46532533
-0.04095485
-2.0416782  3.4419227
-0.46352607
-1.6275339
1.700624
0.74621344

2.9259038
-0.20849854

0.14057979
0.5818756
-3.3443878

-3.42086

-2.1364086
3.3865097 2.4563785
2.7382162
1.8864241
3.857109
-0.2101652
-0.06880964

-3.435222

1.8585758
-2.668019

3.1156003
2.6606092




 2.0313413  -0.22697501

0.69856423

1.3523641
1.2639667
-3.0085845
0.04383834
-1.9288325

0.8035225
0.13811596
-5.5587907

0.57904476
2.6389165
0.40828225
1.0475875
-0.5674006
1.0181447
1.4883527
1.0964903
1.9589831
0.8624567
-1.9370916
0.53600365
-1.7780509
1.260195


1.0511531
0.11214408


0.36858216



3.0632868
-0.50369895

1.4406053
0.80510616
0.94858897 4.0761576 
-0.11585917
2.947669
 0.94811213 -1.3483175 
1.2571672
-3.8153207
3.3681543

0.2030626

0.890158

0.62464905
0.53005034
3.2699358

2.8821282
-0.77452093


-2.3869917
-2.462449

-3.224271
0.72041047 0.6561075 

1.2077651
0.7282731
-1.2765645
-2.941095
2.0675035
 1.4843807 -2.810982 
0.5744799

1.3710692

1.4194715

2.0136259
-5.6391106
1.6658933

1.038007

3.5853589
-2.7219398


-1.333386
1.0482178

-2.617166


2.457611

-2.1962     3.4000483
-1.8364335
1.3022853
0.0647717
0.8727951
-2.307221
2.2773626
-4.1888967
-2.3064222

0.01669845
1.7782912
1.4791378
3.5769536
2.165778
2.8894744
0.54252833
-1.3230071
1.2400353
1.8833079

0.96076787


1.6761694

-2.5158799
1.1292558
2.639268
-2.7903376
1.4392872
2.10091
0.86747146
1.0007201
-3.2116394

3.6515355
3.1167138
-0.78218365

0.45660123
-1.6617842

1.0287725

0.62087667
-2.1811917  0.9357294
-0.21735457
0.6271599
-0.32193518

-0.23667735
-3.0725713
-0.70947486


2.1160915
-1.8789436   0.47866845

3.8614638
-1.29232
2.5862312

-2.6396086

-0.8429369
0.44361973


0.55753857

1.3079863
3.6491632
2.3980472



0.65158075

1.9642661
1.4834563




3.5626838
2.5535486
0.98171765
1.3891948


1.8872825


-1.9169968
3.2154307


-1.5785925   0.89868724
-5.6220164  1.1419346

1.9020877
0.23874877




2.4922268
1.640397


2.380757
2.1020787
3.0939732
2.9104218

1.465689
1.3123765
-1.7621098
3.380098
2.7197478
0.82133263
-2.129117   -0.32307482
0.75601053



2.2485144

 1.4638021 -1.7085693

-1.2553166
3.8693004
1.5005077
0.1675071
1.1633663

-1.2143381  1.8445817

2.5536077
1.5520823
0.8076328


-2.539581
-0.9529439 -3.3179772
-4.1348658
-2.57768
-2.2101183
0.02789784
-0.622166
-0.09588181
3.4760602



0.82964987
-3.1955113
1.4830272
-2.512458    0.46432093

-1.9601253
-0.75277305
 3.3814356 -4.083127 
-2.490107
1.2543596 2.531808 


3.482018
1.0137335
1.0977335
2.4764004
0.75896454
0.88431734

0.89627004
1.6333787


0.769713

3.1390402
2.3296943
-1.1738508   0.11397828
0.62243134
-3.5035942
1.9903716

-2.5257955
3.3343787
1.0598775
-3.1919668




0.5750213
-0.02730111  3.1462443 
1.7794394
-0.10002715

2.0152266

3.1666632
-0.6213035



0.31960908

0.17782938


1.9459043
-1.1622734

-2.1277559
-5.902937
0.46003273 2.7940288 
-2.5551333


2.5417857

2.6918633
0.8000136
2.2993019 0.3429282
-2.1401281
1.1758279

1.8338437  0.34399354

2.9501607
3.3294742
1.210661
3.9436984  0.15948997
0.06921014
-0.40854004

1.7938411
3.7391841

0.55437875
-0.05827993


0.51623416
-2.7460146

0.96263
0.5900492
0.8854426
-1.7264619
1.804996


-3.1936083  0.89169  
0.8556477
-2.357935
2.6014473
0.36244312
-0.07659712
0.67128825
0.62619334
0.8216908
1.5974495
-1.7719369
-3.2298534
-2.1001077


2.5564783

-2.9230988
 1.1438671 -4.319801 


-0.09519024
0.6511838
-0.9345902

0.5692143

1.0574834

0.60940164
0.7311707
-2.6657174 -1.3480345
-0.37765324  1.1829399 

1.9467955

-0.38537434
1.0011141


1.0799788

0.51605844


-2.3721156


2.8004136
1.9433974
3.341359

0.7966499
0.8455897
-1.7324586
-0.42655894

-0.31041586
1.6141996
2.7005002

0.64809304

0.95927703
-1.3004841
2.3706079

0.60044605
-2.911698

0.4553971

-0.63019603
3.3352084
-0.39603943
-2.7275634
0.00467414
-2.2399464
-4.1841197
0.25190946
2.8830795
1.2313862
3.5709367
-2.6701114
0.83135164

-4.6782627


0.41667336
1.0714561
2.6523042
0.6248076

0.11168401
0.67626303 3.1783075 
-4.2574806
3.2660587



2.950932
3.5625288

-5.6316276

2.9648697
-0.7903946
-0.59765416
3.7349021
-0.4349525

3.6610107
0.59861284
-0.18291938
