train:
-5.419705
-8.281054
4.074545
9.802706
-2.341247
9.307946
-5.573049
-6.856638
8.293153
7.585226
6.300009
-0.4272331
-5.6244655
8.483538
8.951246
7.7216024
-7.36778
7.6772084
0.4396767
7.293434
8.17909
6.90813
4.3328934
9.150818
-8.000825
-1.9094496
-8.095035
8.258508
8.428713
-6.737107
7.1859875
9.984358
-6.889779
3.200262
-4.9708843
5.6271014
-3.7357314
5.818277
-6.9953313
5.287337
9.052047
-4.669399
8.119198
-6.61451
7.142751
-7.249728
9.824432
1.8305506
-8.96582
7.3501897
9.747742
7.351445
2.4648583
7.9368815
9.096659
8.533263
-6.749065
-5.1116095
-4.270566
8.352032
8.121665
-3.8626478
8.161432
7.016347
-6.368772
8.617942
8.164979
7.85148
8.23471
-4.3057327
9.752322
6.4490232
8.491164
-7.733634
9.465433
-2.4561245
9.1058235
7.5342603
10.431449
8.45793
6.8963985
5.3677945
8.869766
5.6984696
-4.433582
-2.332187
9.978001
8.9902935
-7.0098033
-4.288628
7.69744
-5.3099146
7.5876904
-8.796294
-4.473496
6.786776
-7.4682903
8.205407
7.404954
-6.270081
8.522942
-1.6227432
8.497035
-6.9117503
8.274361
-6.32859
7.9772363
9.225873
9.460493
7.3930354
-7.4654465
-6.120302
-4.208079
6.8562245
-8.501024
-3.732893
7.562397
7.896589
-1.7940736
8.468589
-3.669893
9.040792
8.158427
5.422582
-2.360259
8.742421
-5.461548
-6.016874
6.316087
9.464263
8.333505
7.437839
-1.3668087
-2.8837333
-4.25287
9.918419
7.314368
-6.115263
7.8609056
7.22934
-6.963106
-2.241007
-4.891758
5.369881
7.6419725
7.0766034
5.0589285
-5.8935647
7.394978
-6.8402257
9.363128
-2.575331
8.665023
9.529846
8.053912
7.0000653
8.981405
-2.7612166
5.8416457
-3.0565999
-7.3867493
7.444374
6.732003
9.318733
-5.1448793
-8.560316
-6.3306108
8.091268
6.271594
6.39893
8.961541
-6.3921614
8.137027
8.696095
-7.6513553
-5.685854
-1.9496248
4.0206766
6.7475424
9.262203
2.311344
-7.616808
6.5057445
-5.6851506
-7.3044896
-5.389521
-7.761949
6.732876
-6.511505
8.5886965
0.6309352
-7.9683614
-0.90304667
9.512055
9.35002
-4.528935
8.128799
-1.0806992
7.6305
8.186329
9.330179
2.6055233
-7.899145
-5.7818794
-7.995121
-0.67626065
5.0818567
8.814453
9.032177
9.677837
9.518302
9.708641
8.791382
6.828474
10.4873705
-4.6485753
3.3514662
8.406446
-5.153561
-4.593913
-6.019693
-4.444381
8.512511
-5.056648
-5.666347
7.6859436
7.460624
-5.9694805
9.270559
-8.231381
-7.1874285
6.3676376
9.128804
9.216974
8.236728
-4.380193
-7.405088
8.931169
-8.450048
-8.616839
5.74824
-7.804165
7.089994
9.640603
9.910423
-4.5141335
1.8475736
9.041278
9.192435
10.055183
8.512801
-6.005186
8.019765
7.022288
8.172194
-7.37425
5.8379016
5.577969
9.428741
-1.0759785
-9.492525
-7.6649203
7.928069
-3.1202567
7.747759
-3.7495606
8.518868
-4.1453414
8.561376
6.347042
-7.422046
9.272434
9.119699
9.486607
8.999059
-7.7948403
9.078332
6.307211
5.6501126
-6.397911
9.957373
7.1792574
9.357149
8.361622
9.141576
9.517618
-7.6976914
-9.372079
8.087047
7.4462543
7.2022204
8.769067
8.538284
8.872961
7.609598
-6.2914567
8.834601
3.7849417
8.162038
9.837058
8.920531
9.059105
-3.9069924
6.628977
-6.254761
8.301209
9.746534
-3.4437668
9.486461
-6.967067
-3.1231902
8.108877
5.607802
8.722958
-3.7431304
-5.805679
-7.382206
6.789049
-7.68471
7.918211
8.986042
-5.957955
-6.208214
9.625016
7.185295
10.044162
-8.156749
7.703002
9.658984
10.193075
-6.0304303
9.171049
6.5619345
-8.007357
-7.826828
8.102953
-6.911846
-2.6661017
9.219875
2.6488087
9.342649
-6.570413
-5.2850986
8.5946045
8.583348
-7.75889
7.429741
-2.3533924
5.08868
9.029885
-4.7488184
7.837715
9.3250475
-2.599769
9.909462
-6.7903996
6.1078205
6.0778675
8.794158
-8.550571
-8.225994
-5.5995336
6.8170094
8.354957
-6.542312
7.920409
3.2569494
6.518249
-5.609756
8.163999
4.7484975
7.962805
-5.99131
5.9705253
6.714948
-1.8225752
-8.176909
-7.9278507
8.826949
8.978195
3.6903048
8.565204
-6.6308355
7.530849
10.492196
4.189005
-8.355773
9.945492
7.534166
9.146548
7.950411
4.4781528
9.6071005
-4.0958166
4.6064677
9.296654
9.237548
-6.798461
7.825809
-7.116035
8.766059
7.74407
-5.148104
-5.968244
9.937216
-8.559893
9.674863
6.1599884
8.615344
7.6765485
8.873112
-8.898156
8.428682
8.356278
5.153771
-6.1502075
9.161392
7.8361955
-8.234663
8.181249
-5.4566665
9.971403
7.938176
7.9502234
5.7412944
4.129841
-6.5446377
-7.5206814
0.8489542
-6.262054
-0.87660116
9.201523
8.458802
2.4551678
-4.448922
-6.567064
-7.1315985
7.0111494
8.7080555
7.7895236
8.549329
4.458373
-5.143242
10.071754
3.9019668
9.873759
7.0836263
8.877951
5.8887715
7.8130646
7.3091617
-5.9429283
6.9172072
8.321795
5.9961767
7.1035166
-6.366888
-8.802879
-6.3518662
8.743237
8.278109
-6.7638807
9.644026
7.2028456
8.211214
-8.009404
8.556157
8.541443
-6.697375
8.508606
9.158753
6.684282
9.50919
10.2387905
9.840713
-4.8522544
7.2832193
7.8674316
10.118053
-8.865337
6.097068
-4.108771
8.060498
6.7929235
7.4312606
9.224952
7.9889197
-2.3636634
-7.3816705
8.707557
-4.844237
8.8959675
8.696395
-8.356037
5.855794
8.477238
-5.3915334
8.091032
-8.828773
10.032881
6.896782
8.693065
6.5818253
5.4979134
6.6570487
9.779403
5.9739237
-8.014414
-7.663224
-9.039224
9.60353
5.0974917
7.4761076
-4.909465
-2.0899343
9.525509
-4.9693003
8.650032
7.251807
8.257156
-7.870508
-2.6403627
9.64376
6.4311795
8.339049
-4.376977
9.078131
8.915489
-6.2373714
-7.6710386
-6.910203
-7.7614594
7.404385
-7.2280765
-7.971042
7.315371
-2.3120582
9.42253
5.85757
-7.519982
9.6486435
8.17585
-3.2761047
7.925165
8.846734
9.886828
9.797422
8.2782545
-0.24963984
-3.7468753
-3.1453261
8.694532
-5.5242553
4.528695
5.243956
-5.1614366
5.973964
-7.033611
7.049002
8.318531
4.240457
-6.6001425
-4.3671503
8.433468
7.85906
-2.7768097
-2.9939299
7.0675416
7.306478
-6.968762
5.745564
8.477427
-3.5543318
9.3951235
7.8517723
-1.4968292
5.956719
-5.9051504
-7.202888
-7.3856688
6.5168767
9.035063
5.1896296
9.152557
-4.007197
7.9865713
9.017024
-5.9917507
8.88216
9.2693
5.232949
6.865027
8.458404
6.115958
-6.6589017
-7.4018517
-5.786854
7.854228
-1.9204278
6.375978
3.2136955
-8.926864
-4.981253
-5.9050283
8.543285
8.154728
10.172598
-4.1922817
4.922986
-9.149614
9.408709
-4.6200285
5.7905464
8.937167
-8.6668215
9.7993355
-2.52234
4.2569265
9.740384
-1.9816399
-2.0405633
-4.422081
9.224328
6.61268
-3.969618
-5.138957
8.734692
-5.754202
2.8343928
5.5507145
-3.0863192
6.8092957
5.7329955
-7.2039895
7.5068774
8.506678
10.209983
10.056305
-8.219011
9.245162
-2.6531792
-5.3526096
9.45265
7.412648
6.849241
7.1726885
-7.553735
-7.39134
6.866668
6.19363
-6.7392583
6.6871777
5.3511777
8.7664175
-9.128758
-7.2157726
8.976075
5.743774
-6.221442
0.365656
-1.9216515
5.353391
7.4956403
6.8218594
5.8022428
-7.224069
10.5413885
-7.0608125
-9.243121
8.211227
-3.2667341
6.4949813
7.1434493
3.8045752
-5.2042785
-4.503446
-5.592197
5.637325
9.990543
9.379136
8.691792
-4.9437675
-7.3026447
9.622404
-4.789961
test:
6.7738
-3.6269863
10.34129
9.348037
8.9066925
8.1977415
-7.192675
7.6026897
-6.8680654
8.543003
9.840307
-3.2639031
-7.8807883
4.174787
-5.8339195
8.359665
7.8663645
7.37222
-7.8143554
-3.9224758
-6.889242
8.794662
7.806121
-4.476764
8.3072815
7.3504777
8.962333
8.570933
8.241974
6.8702626
-8.172862
-7.434629
-4.4726925
8.1191025
-8.828152
9.502704
9.468025
-4.6713047
9.668569
9.490824
-2.5506048
-5.670709
-3.193478
9.103511
8.9109955
6.529574
-8.18106
-5.816325
7.941955
-0.7859557
-0.6942889
-5.7771435
5.652725
9.181427
-7.63012
-7.9248743
8.391402
6.246921
-2.6022658
-1.9130456
4.750304
5.889319
-7.3322124
-9.018387
5.321281
-6.6046925
-8.214118
-4.11892
-7.2906833
-8.027347
-7.575683
4.9174414
-7.7357078
8.514116
8.162091
-7.8331795
8.107973
6.088926
-7.4891925
6.8018045
8.756746
8.854927
-7.6283145
-5.162043
9.361678
8.202558
6.276579
-6.531112
-8.338569
8.626712
6.8402276
8.255324
-7.9365125
9.340083
8.058321
-3.2913623
9.519592
9.984902
-6.9358697
-9.02056
10.49749
-4.039362
8.670872
2.014511
-0.79458857
-8.142938
-8.60683
-7.0785785
-6.1928267
1.8335443
9.667929
-3.0938096
7.577719
-7.4157743
-7.326921
9.009835
7.0941277
-1.952001
6.195386
6.792083
1.1662273
7.848078
6.944485
7.865364
-6.7642636
6.948602
8.507295
-5.1620245
8.161663
6.161835
7.5688047
8.806912
-6.0620017
2.852221
8.434465
-3.5487854
6.92118
6.2965064
-6.8159003
9.804546
6.501201
-4.09243
9.094754
-4.1713967
-9.007218
-6.536708
9.79304
-2.563627
5.9620447
8.262988
7.5105476
8.603149
8.559752
8.376005
-8.480057
7.8258667
-7.576459
-6.6716547
6.430159
-8.961169
-3.8004897
7.463398
7.0800457
10.491176
5.8670187
-5.468935
-8.048758
-3.1361792
7.893457
10.025859
9.387435
7.7008843
-7.839554
-5.592979
7.128072
-2.7493086
8.97677
8.522001
-7.6494412
7.561234
-3.5532055
-5.930978
-3.0192676
7.5705204
7.2984076
-5.8010955
-5.383587
7.3392687
9.4314
-7.029683
-5.0616355
-4.88493
7.21446
9.345586
-7.8348274
-7.192308
4.101373
2.044207
-2.0984874
-6.5687876
-5.1690154
5.2209463
6.4274473
-7.9893956
5.2790313
1.725458
7.54059
-8.26513
6.4172654
-1.8156563
-5.460468
8.899971
-5.2014475
-7.566112
7.9284005
7.338773
8.71054
-3.9611657
5.9788256
-9.043368
7.449983
5.30626
-4.9003663
10.243121
-8.481579
6.8019276
8.834733
6.509923
8.145996
